dam_id,lon,lat
1,-3.546738,8.456186
2,-3.261690,8.584524
3,-3.183085,8.624714
4,-3.183954,8.687917
5,-3.133945,8.731652
6,-2.955742,8.810841
7,-4.429640,8.871413
8,-3.179437,8.902979
9,-4.109864,8.908116
10,-3.157485,8.954955
11,-4.418844,8.957724
12,-4.417796,8.959008
13,-4.514586,8.968524
14,-4.493940,9.003189
15,-4.152551,9.033805
16,-3.023114,9.036222
17,-4.399550,9.067819
18,-4.758619,9.087412
19,-4.763680,9.117003
20,-4.627789,9.124539
21,-4.695902,9.126469
22,-4.541965,9.137515
23,-4.590257,9.142183
24,-4.603652,9.146281
25,-4.704133,9.146522
26,-4.823954,9.164724
27,-4.775443,9.181780
28,-4.817327,9.205168
29,-3.077796,9.215843
30,-4.870520,9.219995
31,-2.902473,9.270926
32,-4.787286,9.271047
33,-4.846303,9.271404
34,-2.968040,9.285164
35,-4.766877,9.302319
36,-4.618318,9.311571
37,-4.748871,9.311629
38,-3.042574,9.324382
39,-3.130606,9.327044
40,-4.956054,9.336854
41,-3.032184,9.340801
42,-5.052300,9.346700
43,-5.138338,9.354026
44,-4.645224,9.371658
45,-5.117447,9.376380
46,-4.783019,9.378386
47,-4.762418,9.382645
48,-5.106001,9.402836
49,-4.607732,9.403955
50,-4.396928,9.407812
51,-4.635989,9.416226
52,-3.082795,9.416654
53,-4.921501,9.419053
54,-3.112372,9.426852
55,-4.634972,9.431717
56,-5.241776,9.433911
57,-5.303940,9.437073
58,-4.715972,9.438214
59,-5.132037,9.442428
60,-4.934780,9.454365
61,-4.630188,9.461981
62,-3.193305,9.463742
63,-3.141905,9.464728
64,-4.767011,9.466485
65,-5.179812,9.470511
66,-5.016765,9.477196
67,-3.171473,9.484847
68,-3.310588,9.485873
69,-4.951560,9.487572
70,-5.121246,9.491425
71,-5.056928,9.492851
72,-3.126267,9.496932
73,-4.995054,9.502809
74,-5.179848,9.517644
75,-3.036848,9.524984
76,-3.283053,9.525229
77,-4.735592,9.539052
78,-5.093199,9.541117
79,-3.182474,9.541255
80,-4.944813,9.541817
81,-5.186470,9.543150
82,-5.064919,9.551515
83,-5.090764,9.555136
84,-5.000195,9.558909
85,-5.260094,9.565009
86,-2.977128,9.569931
87,-5.067523,9.580348
88,-5.188918,9.580375
89,-3.287116,9.583603
90,-3.020929,9.584771
91,-5.230374,9.587077
92,-5.113684,9.587474
93,-3.636464,9.590488
94,-3.415943,9.592173
95,-3.956788,9.600931
96,-4.165692,9.605729
97,-3.377038,9.606130
98,-4.144440,9.615432
99,-4.988093,9.616248
100,-5.047471,9.617809
101,-3.446716,9.624475
102,-3.069984,9.626054
103,-4.216236,9.627432
104,-5.295156,9.628404
105,-3.570095,9.640992
106,-5.245370,9.641607
107,-5.124925,9.645264
108,-5.004708,9.648889
109,-5.330672,9.650962
110,-5.261164,9.655337
111,-4.994398,9.662088
112,-5.255987,9.667501
113,-4.234795,9.671974
114,-3.278055,9.672941
115,-3.056482,9.674261
116,-3.570063,9.681012
117,-5.290648,9.683375
118,-5.237736,9.686778
119,-3.300747,9.691415
120,-5.353467,9.695237
121,-3.724348,9.696195
122,-5.165699,9.701997
123,-3.490054,9.702541
124,-5.325830,9.705221
125,-3.347461,9.705881
126,-5.242311,9.710415
127,-5.065530,9.714161
128,-5.311583,9.718420
129,-3.208363,9.730040
130,-3.208114,9.730250
131,-5.160567,9.731792
132,-5.325487,9.736354
133,-5.176758,9.741923
134,-5.282541,9.744318
135,-4.235758,9.745781
136,-5.132791,9.751337
137,-5.372521,9.751751
138,-3.301492,9.757026
139,-5.324082,9.757682
140,-3.399922,9.757713
141,-3.273324,9.761098
142,-5.167978,9.763073
143,-5.269837,9.763604
144,-5.174167,9.764571
145,-4.150068,9.770881
146,-3.498013,9.772856
147,-5.217995,9.774939
148,-5.323395,9.775447
149,-5.132336,9.775447
150,-5.269494,9.782042
151,-3.530591,9.784865
152,-5.137312,9.785765
153,-3.165788,9.788748
154,-5.202719,9.797270
155,-5.309148,9.800819
156,-3.404622,9.800993
157,-5.099134,9.802585
158,-5.238935,9.803187
159,-5.157940,9.809015
160,-3.359839,9.820025
161,-5.530298,9.820693
162,-3.454136,9.822138
163,-5.496092,9.823391
164,-3.589179,9.826620
165,-5.099236,9.827360
166,-5.146471,9.828506
167,-5.171821,9.839047
168,-5.113037,9.843783
169,-5.222285,9.853084
170,-5.290264,9.858837
171,-3.390063,9.859613
172,-5.604751,9.861106
173,-3.331546,9.868615
174,-3.454693,9.869061
175,-5.331729,9.872464
176,-3.732027,9.873248
177,-5.245731,9.874564
178,-5.636558,9.876093
179,-5.117157,9.895027
180,-5.627524,9.907615
181,-5.251055,9.909233
182,-5.611266,9.912939
183,-5.160807,9.928176
184,-5.461485,9.931810
185,-5.559210,9.936434
186,-5.305108,9.953370
187,-5.149267,9.959024
188,-5.188329,9.969891
189,-5.326115,9.972307
190,-5.560584,9.974898
191,-5.187870,9.977079
192,-5.211646,9.977426
193,-5.580498,9.981239
194,-5.598004,9.982929
195,-5.179656,9.987308
196,-5.155559,9.989533
197,-5.255559,9.998068
198,-5.255563,9.998170
199,-5.194068,9.999896
200,-5.541494,10.018214
201,-5.148144,10.022272
202,-5.475517,10.022735
203,-5.424407,10.024978
204,-5.569689,10.027810
205,-5.389559,10.028528
206,-5.284307,10.029656
207,-5.284329,10.029709
208,-5.127404,10.030071
209,-5.658773,10.030641
210,-5.623185,10.037638
211,-5.158801,10.039453
212,-5.650069,10.043698
213,-5.340121,10.048812
214,-5.316163,10.053187
215,-5.277404,10.054783
216,-5.253949,10.056201
217,-5.209635,10.063991
218,-5.406384,10.068923
219,-5.431961,10.072980
220,-5.310767,10.075518
221,-5.194541,10.083562
222,-5.392650,10.087687
223,-5.295477,10.092467
224,-5.175157,10.098727
225,-5.213175,10.104248
226,-5.184169,10.106473
227,-5.141780,10.106798
228,-5.449124,10.109973
229,-5.373422,10.112528
230,-5.118740,10.113598
231,-5.544393,10.113621
232,-5.327685,10.117522
233,-5.690361,10.121192
234,-5.262364,10.122526
235,-5.432113,10.122731
236,-5.481863,10.124626
237,-5.714993,10.129303
238,-5.528813,10.132206
239,-5.176486,10.137566
240,-5.741993,10.139818
241,-5.071799,10.143724
242,-5.335230,10.145949
243,-5.727541,10.162872
244,-5.685002,10.170572
245,-5.646894,10.173783
246,-5.295851,10.180115
247,-5.534132,10.183223
248,-5.377903,10.185970
249,-5.703895,10.186607
250,-5.524612,10.199494
251,-5.281404,10.201920
252,-5.661801,10.206196
253,-5.621651,10.207610
254,-5.685024,10.208238
255,-5.599365,10.214660
256,-5.727385,10.215373
257,-5.519199,10.217192
258,-5.462550,10.218378
259,-5.572784,10.219596
260,-5.681421,10.221420
261,-5.713843,10.228015
262,-5.305479,10.228759
263,-5.502433,10.230043
264,-5.655843,10.231724
265,-5.348223,10.240727
266,-5.618177,10.245824
267,-5.196248,10.260263
268,-5.659946,10.263723
269,-5.570982,10.266118
270,-5.477341,10.267723
271,-5.741137,10.271937
272,-5.548410,10.272704
273,-5.634368,10.279936
274,-5.685947,10.289840
275,-5.232635,10.290259
276,-5.730819,10.305545
277,-5.602352,10.307806
278,-5.451273,10.309121
279,-5.608715,10.310151
280,-5.514271,10.321112
281,-5.540754,10.321522
282,-5.810842,10.325379
283,-5.500203,10.330204
284,-5.465498,10.330422
285,-5.573011,10.331167
286,-5.739741,10.334097
287,-5.495655,10.350359
288,-5.543385,10.353908
289,-5.573600,10.354417
290,-5.703890,10.355598
291,-5.623992,10.364940
292,-5.696337,10.365221
293,-5.521014,10.367085
294,-5.774701,10.371303
295,-5.759090,10.375294
296,-5.566559,10.390888
297,-5.645610,10.391481
298,-5.590250,10.392912
299,-5.616987,10.393345
300,-5.616269,10.399387
301,-5.570318,10.408693
302,-5.547407,10.411703
303,-5.612849,10.423118
304,-5.576632,10.435162
305,-5.623631,10.437017
306,-5.636558,10.445525
307,-5.595093,10.446154
308,-5.666438,10.462786
